33
 18.4352 -12.3806
 18.3632 -12.1846
 18.2388 -12.0555
 18.1999 -11.8965
 18.2260 -11.3853
 18.0302 -10.8637
 18.0938 -10.3273
 18.2925 -10.1236
 18.1180 -10.0041
 18.1393  -9.8438
 18.0622  -9.6688
 17.8973  -9.4956
 17.7007  -9.0995
 16.5471  -5.4652
 12.8158  -5.9327
 12.9602  -6.0883
 13.0248 -11.4423
 13.4303 -14.0342
 13.8322 -14.0829
 13.9678 -13.3012
 14.0956 -13.5032
 14.1293 -13.8976
 14.3443 -14.0902
 14.3078 -14.1656
 14.1768 -14.2512
 14.7529 -14.0344
 14.7542 -13.9627
 14.9277 -13.7787
 14.8159 -13.6483
 14.8503 -13.4084
 14.4843 -13.0512
 14.5064 -12.8539
 18.4352 -12.3806
60
  8.8036  -9.8888
  8.8753  -9.7396
  8.8225  -9.6222
  8.8738  -9.4271
  8.7997  -9.2515
  8.8256  -9.1574
  8.7504  -9.1745
  8.8030  -8.9969
  8.6815  -9.0585
  8.6885  -8.8460
  8.7600  -8.7886
  8.6615  -8.6346
  8.7109  -8.6109
  8.8894  -8.6361
  8.7754  -8.5753
  8.8858  -8.3926
  8.8745  -8.0808
  8.9687  -8.1025
  9.0272  -7.9047
  8.9593  -7.7994
  9.1607  -7.8113
  9.1543  -7.7412
  9.0461  -7.6591
  9.2852  -7.5259
  9.2573  -7.3976
  9.4959  -7.2640
  9.5222  -7.0173
  9.4550  -6.9228
  9.5051  -6.8367
  9.6066  -6.8483
  9.5754  -6.7805
  9.4807  -6.7488
  9.8661  -6.3469
  9.8416  -6.1864
 10.1024  -5.9673
  9.9919  -5.5319
  9.8832  -5.5128
 10.0115  -5.3971
 10.1022  -5.4800
 10.1833  -5.2998
 10.2790  -5.0258
 10.1732  -4.9641
 10.2157  -4.8887
 10.4474  -4.6711
 10.4320  -4.5929
 10.5484  -4.5397
 10.4369  -4.4097
  9.5011  -4.4956
  9.7353  -4.1373
  9.8058  -4.1000
  9.8708  -3.7885
  9.7862  -3.7565
  9.7047  -3.6020
  3.4418  -4.0890
  3.8100  -6.0180
  3.9673  -9.1640
  4.3507  -9.1236
  4.5450  -9.1722
  4.6076 -10.1127
  8.8036  -9.8888
40
-17.6281 -12.7416
-16.7173  -2.8484
-23.7283  -1.9862
-23.9514  -3.3653
-24.1186  -3.6500
-24.3619  -3.6029
-24.3682  -3.4795
-24.8086  -3.3601
-24.9488  -3.3998
-24.9927  -3.4760
-24.9442  -3.8047
-25.0270  -4.5679
-24.9677  -5.0729
-25.0869  -5.1885
-25.0953  -5.5804
-25.0247  -5.6829
-25.0656  -5.7291
-24.9082  -5.9272
-24.8627  -6.3681
-24.5641  -6.7207
-24.5638  -6.7819
-25.1200  -7.1473
-25.0994  -7.1809
-25.2443  -7.2934
-25.3012  -7.8134
-25.3832  -7.9549
-25.4628  -7.9759
-25.4538  -8.0278
-25.6542  -8.1648
-25.6952  -8.3339
-25.6389  -8.4250
-25.6945  -8.7491
-25.4675  -8.8535
-25.3930  -8.9470
-25.4154  -9.1601
-25.6188  -9.3786
-25.8346  -9.3589
-26.0086  -9.7276
-20.7222 -12.4444
-17.6281 -12.7416
121
-25.8346  -9.3589
-25.5536  -9.3463
-25.4154  -9.1601
-25.3930  -8.9470
-25.4675  -8.8535
-25.6945  -8.7491
-25.6389  -8.4250
-25.6952  -8.3339
-25.6542  -8.1648
-25.4538  -8.0278
-25.4628  -7.9759
-25.3012  -7.8134
-25.2443  -7.2934
-25.0994  -7.1809
-24.9868  -6.9899
-24.5638  -6.7819
-24.5949  -6.6444
-24.8627  -6.3681
-24.9082  -5.9272
-25.0656  -5.7291
-25.0130  -5.6540
-25.0953  -5.5804
-25.1010  -5.3415
-28.9208  -0.2150
-31.3409   3.0900
-30.0989   8.4149
-35.5410   9.8719
-35.6955   9.5470
-35.6115   9.2790
-35.5891   9.0219
-35.6351   9.0355
-35.7282   8.6674
-35.7979   8.5675
-35.8451   8.4074
-35.8861   8.4635
-35.9467   8.3704
-35.9222   8.1452
-36.5741   7.3378
-36.6148   7.2290
-36.5903   7.0590
-36.6519   6.9334
-36.3762   6.5242
-36.2610   6.0213
-36.1640   5.8621
-36.2237   5.4097
-36.3558   5.2064
-36.4040   4.9128
-36.3459   4.5153
-36.4654   4.3292
-36.0469   3.4293
-35.8403   3.1787
-35.8145   2.9556
-35.6601   2.6649
-35.7693   2.7371
-35.8045   2.5397
-35.8788   2.3525
-35.7435   2.4480
-35.1849   2.2284
-35.1569   2.4366
-34.8162   2.3405
-34.7179   2.1536
-35.0720   2.0694
-34.9561   1.9213
-35.0020   1.7385
-34.8421   1.4177
-34.7991   1.1811
-34.6838   1.0549
-35.1809   1.4363
-35.0961   1.7735
-35.2963   1.7901
-35.3331   1.5086
-35.4102   1.3751
-35.3407   1.2405
-35.3346   0.9898
-35.3957   0.7446
-35.1174   0.2328
-34.7500   0.0797
-34.6815  -0.0665
-34.8161  -0.4534
-35.0037  -0.4743
-35.0293  -0.6187
-35.0694  -0.6411
-35.0216  -1.0944
-34.7858  -1.3867
-34.4383  -2.1758
-34.3364  -2.4572
-34.1173  -2.8374
-33.9441  -2.8870
-33.9579  -3.1081
-34.0251  -3.2128
-33.8417  -3.4545
-33.7275  -3.4905
-33.7859  -4.0447
-33.8663  -4.1766
-33.8696  -4.3568
-33.9338  -4.5351
-33.7862  -4.6206
-33.6769  -4.8151
-33.0126  -4.9532
-32.6166  -5.1192
-32.2841  -5.2063
-32.1544  -5.3912
-31.8892  -5.8239
-31.7770  -5.8364
-31.4346  -6.0589
-30.9691  -6.1890
-30.9118  -6.5381
-30.9610  -6.6136
-30.7321  -6.7072
-30.4705  -6.7548
-29.6833  -7.7021
-29.4966  -8.4580
-29.5567  -8.6050
-29.5140  -8.7163
-29.5166  -8.8420
-29.3676  -8.8979
-29.3901  -8.9781
-29.4686  -8.9231
-29.4184  -9.0465
-29.4351  -9.1478
-25.8346  -9.3589
7
 -9.4523   3.6733
-14.5397   4.0449
-16.0328   4.1505
-16.7173  -2.8484
 -6.9592  -3.4105
 -6.8178   3.5721
 -9.4523   3.6733
21
 30.3309  10.9107
 30.6816   9.5743
 30.8147   9.4503
 30.5818   9.1619
 30.7515   9.0282
 31.0538   9.3397
 31.4829   9.6958
 31.4950   9.8350
 31.5412   9.8506
 31.5946   9.7667
 32.2514  10.1483
 32.3918  10.1062
 32.9293  10.4189
 32.8905  10.5536
 32.9328  10.6479
 32.5474  11.6569
 31.3160  11.2236
 31.3215  11.1568
 31.2436  11.1417
 31.2261  11.1926
 30.3309  10.9107
21
 29.0240   6.1573
 28.5922   5.9552
 28.5864   5.8884
 28.5320   5.8728
 29.3194   3.6711
 30.2063   3.9143
 30.1336   4.1031
 29.9242   4.0522
 29.9024   4.1017
 30.0012   4.2071
 29.9592   4.2277
 30.0080   4.2976
 30.1033   4.2694
 29.9924   4.4701
 29.6171   4.6132
 29.5465   4.7695
 29.3988   4.9246
 29.2090   5.2881
 28.9384   5.5167
 28.8963   5.8668
 29.0240   6.1573
111
 18.4352 -12.3806
 14.4974 -12.8549
 14.5229 -13.1487
 14.8799 -13.5069
 14.8227 -13.7083
 14.8459 -13.9828
 14.8096 -14.0584
 15.2549 -13.7001
 15.2518 -13.5269
 15.3402 -13.5972
 15.4105 -13.6713
 15.5541 -13.6850
 15.4281 -13.8233
 16.1688 -13.6441
 16.6883 -13.4762
 16.8476 -13.6110
 16.4589 -13.7004
 17.2957 -13.9269
 17.5131 -14.0217
 17.4092 -13.8297
 17.3023 -13.8325
 17.4692 -13.7392
 17.5848 -13.8162
 17.5277 -13.9172
 17.7533 -14.0125
 17.8485 -13.9894
 17.8842 -14.1200
 17.6176 -14.0714
 17.8841 -14.1921
 18.2258 -14.4886
 18.1762 -14.7223
 18.0411 -14.5125
 18.2102 -14.7792
 18.7457 -14.6061
 18.9091 -14.4903
 18.9344 -14.5502
 19.5816 -14.1506
 19.7098 -14.1019
 19.6211 -14.0400
 19.6707 -14.0131
 19.6254 -13.9470
 19.7908 -13.8404
 19.7823 -13.7799
 20.3032 -13.7781
 21.2320 -14.3828
 21.9276 -15.1457
 22.3171 -15.1914
 22.5415 -15.5249
 22.6240 -15.6478
 22.6477 -16.7338
 22.5836 -16.9222
 22.7527 -17.6414
 22.9358 -17.6879
 22.9207 -17.3957
 22.7738 -17.2088
 23.0468 -17.2419
 23.1705 -17.3901
 23.2488 -17.2962
 23.3207 -17.4100
 23.0745 -17.9403
 23.0878 -18.0316
 22.9638 -18.0715
 22.9674 -18.1642
 23.1601 -18.2736
 23.3946 -18.8053
 23.9477 -19.1979
 23.9137 -19.0874
 23.7831 -18.8974
 24.0989 -18.9448
 24.0054 -19.0208
 24.2024 -19.6544
 24.3068 -19.6613
 24.3105 -19.7543
 24.5031 -19.7906
 25.0347 -20.7130
 25.5183 -20.9056
 25.8183 -21.2633
 25.9506 -21.5187
 26.3477 -21.7464
 26.1597 -21.7740
 25.9537 -21.6658
 25.9840 -21.8734
 26.1342 -21.9881
 26.5441 -21.8430
 26.7372 -21.8476
 26.9212 -21.7350
 26.9216 -21.6702
 27.0719 -21.7124
 27.2998 -21.3276
 27.2816 -20.8948
 27.5088 -20.5088
 27.3341 -18.6546
 27.0877 -18.1308
 26.9859 -18.0844
 25.5179 -15.3363
 25.6335 -15.3594
 25.3460 -15.0251
 25.2275 -14.8770
 25.1308 -14.6273
 24.4602 -13.4843
 24.1384 -12.6104
 24.0504 -12.6254
 23.9519 -12.1028
 23.8362 -12.1115
 23.1471 -11.9961
 23.0382 -12.2142
 23.1486 -12.8272
 22.8906 -12.8069
 22.8331 -12.5120
 18.6627 -12.8047
 18.4352 -12.3806
64
 18.4084  -5.1587
 16.5471  -5.4652
 17.8973  -9.4956
 18.1025  -9.7154
 18.1180 -10.0041
 18.2925 -10.1236
 18.0938 -10.3273
 18.1007 -10.6786
 18.0302 -10.8637
 18.1089 -11.1849
 18.2269 -11.4575
 18.2432 -12.0874
 18.5724 -12.6111
 18.7308 -12.8477
 22.8331 -12.5120
 22.9713 -12.8561
 23.1486 -12.8272
 23.0339 -12.1306
 23.2463 -11.9483
 23.8000 -12.0661
 23.8776 -11.9370
 23.8429 -11.6797
 23.8471 -11.5943
 23.8029 -11.5486
 23.8353 -11.4804
 23.7333 -11.2551
 23.8441 -11.2672
 23.8660 -11.0313
 23.8002 -10.9158
 23.9540 -10.8686
 23.9875 -10.7466
 24.0596 -10.7449
 24.0711 -10.5088
 23.9922 -10.4712
 24.1436 -10.4129
 24.1361 -10.2132
 24.0681 -10.2364
 24.0256 -10.1482
 24.1619 -10.1126
 24.2390  -9.9400
 24.1321  -9.8431
 24.3014  -9.8346
 24.3617  -9.6758
 24.4603  -9.5303
 23.9422  -9.3390
 23.9248  -9.0470
 23.7849  -8.8181
 23.3704  -8.4515
 23.3312  -8.2358
 23.1909  -8.0939
 23.1451  -7.9439
 22.7009  -7.7284
 22.6702  -7.6604
 22.5597  -7.6270
 22.5112  -7.5109
 22.3776  -7.4504
 22.3788  -7.2611
 21.9129  -7.0069
 21.2833  -6.5523
 20.6277  -5.7238
 20.3024  -5.6870
 19.8852  -5.3611
 20.1602  -4.8653
 18.4084  -5.1587
51
  7.3184   3.0058
  7.3511   3.2208
  7.2781   3.3355
  7.6670   3.5880
  7.6729   3.8307
  7.8294   4.0995
  7.7488   4.4251
  7.5997   4.5421
  7.6607   4.9125
  8.1282   5.0137
  8.5026   5.3277
  8.5607   5.6194
  8.6757   5.7336
  8.6153   6.2544
  8.2958   6.4213
  8.2645   6.5700
  7.7738   7.0723
  7.3576   7.2092
  7.1413   7.8433
  7.2620   8.1000
  7.0159   8.4075
  7.0073   8.4878
  0.2232   7.9888
  0.2425   7.8584
  0.3257   7.7832
  0.2523   7.6193
  0.3077   7.5114
  0.4295   7.2245
  0.3448   7.1720
  0.3728   7.0228
  0.2500   6.6069
  0.4879   6.2057
  0.5346   5.9576
  0.6555   5.7320
  0.6374   5.6420
  0.7973   5.3971
  0.8900   5.3015
  0.9873   4.9648
  0.9520   4.7638
  1.0514   4.7071
  1.0110   4.6160
  1.3016   4.1781
  1.3314   3.7175
  1.4020   3.5109
  1.3728   3.1788
  1.5262   2.9954
  6.8963   3.3903
  6.9504   3.3144
  7.0191   3.3103
  7.0672   3.2144
  7.3184   3.0058
105
-22.3391   6.8007
-18.4458   6.2118
-17.8695  10.5662
-17.9514  10.6077
-18.0680  10.8178
-18.0475  10.8558
-18.2089  11.1028
-18.3405  11.0396
-18.4082  10.8765
-18.3834  10.7394
-18.6018  10.7921
-18.7960  10.7581
-18.8567  10.8383
-19.2512  10.8366
-19.3236  10.9297
-19.4561  10.8785
-19.4837  10.7487
-19.5577  10.7404
-19.6072  10.7999
-19.9345  10.9012
-20.0360  10.8565
-20.0902  10.7004
-20.1295  10.6870
-20.3208  10.9129
-20.3020  10.9815
-20.3560  11.1444
-20.3177  11.1991
-20.3810  11.4352
-20.4785  11.5535
-20.6444  11.5201
-20.7700  11.8086
-20.6985  11.8486
-20.6791  12.0086
-20.8093  12.1743
-20.9456  12.7745
-20.9264  12.8843
-20.9890  12.9366
-20.9414  13.0001
-21.0803  13.2314
-21.1472  13.2649
-21.4106  13.0026
-21.4949  13.0178
-21.5548  12.9242
-21.6464  12.8994
-21.7752  13.0996
-21.8651  13.1252
-21.8728  13.2403
-21.7774  13.2857
-21.7982  13.4861
-21.7687  13.5635
-21.5615  13.6387
-21.5715  13.8154
-21.6625  13.9458
-21.5884  14.0348
-21.6308  14.1562
-21.5497  14.1627
-21.5435  14.3166
-21.3844  14.5970
-21.3899  14.7205
-21.3221  14.7385
-21.2664  14.9984
-21.6213  15.0326
-21.6326  15.2008
-21.7892  15.1585
-21.7535  15.2347
-21.9146  15.4627
-21.9077  15.6058
-22.2410  16.2414
-22.4358  16.3533
-22.4904  16.5003
-22.6703  16.6516
-22.5438  16.7179
-22.6269  16.8602
-22.5432  16.9570
-22.5866  17.0187
-22.6013  17.2176
-22.6647  17.2526
-22.8090  17.7207
-22.4364  19.4510
-23.5512  19.7007
-24.6068  15.0971
-24.5481  14.9691
-24.5416  14.7688
-24.6160  14.5972
-24.4643  14.0937
-24.3979  14.1304
-24.3644  14.0504
-24.2446  13.9628
-24.1950  13.6811
-24.8952  12.7023
-24.8613  12.6859
-25.0859  12.3674
-25.2210  12.3235
-25.5204  11.9372
-25.6024  11.5585
-25.4707  11.5082
-25.4281  11.4260
-25.3695  11.4555
-25.2756  11.3315
-25.3109  11.2022
-25.3803  11.0910
-25.3681  11.0063
-25.5632  10.6498
-26.2130   7.5325
-22.3391   6.8007
78
 11.0100  -2.5762
 10.9877  -2.4561
 11.1265  -2.1752
 11.9792  -2.3078
 11.9780  -2.1031
 11.8762  -1.9322
 11.9377  -1.7090
 12.4286  -1.4955
 12.2811  -1.2273
 12.4440  -0.9815
 12.3559  -0.9323
 12.3895  -0.8762
 12.3084  -0.8153
 12.4014  -0.7836
 12.3712  -0.5521
 12.4843  -0.3124
 12.3829  -0.2133
 12.4492  -0.1635
 12.4400  -0.0934
 12.5086  -0.1253
 12.5955  -0.0620
 12.6882   0.2684
 12.8309   0.6255
 12.9403   0.7621
 12.8495   0.9551
 12.8435   1.1688
 12.7819   1.2120
 12.7311   1.3480
 12.6070   1.4434
 12.6860   1.7920
 12.7427   1.8411
 12.1493   6.0171
 11.8779   6.5706
 11.6245   6.9015
 11.6049   7.2987
  7.9355   6.8355
  8.2645   6.5700
  8.2958   6.4213
  8.6153   6.2544
  8.6941   6.0404
  8.6648   5.7022
  8.5111   5.5217
  8.4926   5.2877
  7.6607   4.9125
  7.5997   4.5421
  7.8172   4.2803
  7.8053   4.0369
  7.6729   3.8307
  7.6670   3.5880
  7.5701   3.4863
  7.2800   3.3162
  7.3511   3.2208
  7.2405   2.6153
  7.3764   2.2436
  7.3601   2.0903
  8.0692   1.3813
  8.4451   1.0750
  8.5041   0.8883
  8.5774   0.5510
  8.6818   0.4610
  8.8658   0.6625
  9.3443   0.4802
  9.2691   0.2187
  9.2804   0.0375
  9.0613  -0.4320
  9.1140  -0.6300
  9.6727  -1.0061
  9.7549  -1.0291
  9.7061  -1.0947
  9.8243  -1.1527
  9.9093  -1.1239
 10.4244  -1.4922
 10.4403  -1.6945
 10.5773  -1.9844
 10.4991  -2.1547
 10.8645  -2.5822
 10.8331  -2.4436
 11.0100  -2.5762
68
 12.4440  -0.9815
 12.6007  -0.9503
 12.5896  -0.7376
 12.7404  -0.7801
 12.8635  -0.7315
 12.9685  -0.8514
 13.0076  -0.7229
 12.9843  -0.6134
 13.7464  -0.8053
 13.8552  -0.5446
 14.1066  -0.4261
 14.2363  -0.5400
 14.3124  -0.5092
 14.3605  -0.6152
 14.3954  -0.4666
 14.4933  -0.4109
 14.4565  -0.3338
 14.5575  -0.1950
 14.5258  -0.0866
 14.7082  -0.0593
 14.6191  -0.0116
 14.7318   0.0466
 14.8584  -0.2020
 15.1336  -0.2519
 15.2804  -0.1466
 15.3873   0.3128
 15.4857   0.3067
 15.5816   0.4155
 15.6414   0.6520
 15.7402   0.6877
 15.8340   0.8579
 15.7580   1.0836
 16.0008   1.2261
 16.1687   1.1816
 16.3574   1.3594
 16.6095   1.4435
 16.5610   1.5384
 16.6038   1.5764
 16.4677   1.6563
 16.4768   1.7935
 16.4184   1.8558
 16.4986   1.9943
 15.6998   6.6714
 13.0697   6.2086
 12.5828   5.8867
 12.1493   6.0171
 12.7427   1.8411
 12.6070   1.4434
 12.7598   1.3216
 12.7819   1.2120
 12.8558   1.1401
 12.8495   0.9551
 12.9403   0.7621
 12.7927   0.5577
 12.7516   0.3270
 12.6677   0.2442
 12.6730   0.1431
 12.5829  -0.0833
 12.4400  -0.0934
 12.3977  -0.2614
 12.5034  -0.3295
 12.4573  -0.4694
 12.3712  -0.5521
 12.4014  -0.7836
 12.3084  -0.8153
 12.3895  -0.8762
 12.3559  -0.9323
 12.4440  -0.9815
20
  2.1347   1.9932
 -6.8585   1.8319
 -6.9592  -3.4105
  3.3758  -3.1899
  3.2291   0.5391
  3.0936   0.6012
  2.9132   0.6205
  2.7931   0.8240
  2.7879   0.9148
  2.4773   1.1989
  2.6399   1.4794
  2.6360   1.5492
  2.7818   1.5663
  2.7024   1.6126
  2.7400   1.7549
  2.6630   1.7610
  2.6186   1.8584
  2.5306   1.7729
  2.4239   1.7582
  2.1347   1.9932
92
 18.8993  -2.1529
 19.6032  -1.7341
 19.6275  -1.5947
 19.9189  -1.3531
 19.9222  -1.2374
 20.0762  -1.1246
 20.0801  -0.9667
 20.7313  -0.3584
 20.9549  -0.0521
 20.6478   0.0231
 20.6056   0.0680
 20.5793   0.0316
 20.0979   0.5037
 20.0864   0.6076
 19.8364   0.8720
 19.7782   1.3857
 19.5802   1.5574
 19.3660   1.6092
 19.2559   1.8400
 18.9880   1.6628
 18.9566   1.5730
 18.7049   1.5256
 18.3959   1.6047
 18.2199   1.4577
 17.7633   1.6456
 17.3890   1.6513
 17.2226   1.9537
 16.9661   2.0843
 16.6490   2.0093
 16.4986   1.9943
 16.4317   1.8274
 16.4987   1.7140
 16.4910   1.6187
 16.5906   1.5543
 16.5678   1.4980
 16.5916   1.4080
 16.2714   1.2926
 16.0572   1.1740
 15.7850   1.1601
 15.7677   1.0238
 15.8340   0.8579
 15.7402   0.6877
 15.6063   0.6158
 15.5816   0.4155
 15.4857   0.3067
 15.3873   0.3128
 15.2759   0.0381
 15.2481  -0.2037
 15.1117  -0.2660
 14.8151  -0.1780
 14.6734   0.0594
 14.6191  -0.0116
 14.7082  -0.0593
 14.5084  -0.1305
 14.5483  -0.2376
 14.4779  -0.2588
 14.4565  -0.3338
 14.4743  -0.4550
 14.3954  -0.4666
 14.3605  -0.6152
 14.3124  -0.5092
 14.2031  -0.5359
 14.0787  -0.4086
 13.7998  -0.6026
 13.7243  -0.8192
 12.9843  -0.6134
 12.9685  -0.8514
 12.9019  -0.8389
 12.8635  -0.7315
 12.6656  -0.7686
 12.5710  -0.8418
 12.5882  -0.9734
 12.4440  -0.9815
 12.2811  -1.2273
 12.4255  -1.5262
 11.8979  -1.7870
 11.8942  -2.0208
 11.9930  -2.2242
 11.9396  -2.3216
 11.1872  -2.1379
 10.9769  -2.4982
 11.0100  -2.5762
 11.1458  -2.6209
 11.1526  -2.7534
 11.1052  -2.9100
 11.0722  -3.3313
 10.8642  -3.2323
 10.7870  -3.4860
 12.7015  -3.2482
 12.6407  -2.9598
 13.2387  -2.9543
 18.8993  -2.1529
141
  8.4118 -13.0145
  8.5519 -12.9331
  8.5538 -12.8412
  8.5077 -12.6930
  8.6231 -12.7247
  8.5499 -12.5786
  8.5608 -12.4860
  8.6823 -12.3864
  8.5498 -12.3457
  8.5892 -12.2932
  8.6849 -12.3050
  8.7361 -12.0997
  8.8806 -12.0669
  8.7467 -12.0071
  8.7983 -11.9023
  9.0990 -11.5845
  9.0638 -11.4850
  9.2718 -11.3067
  9.1926 -11.2728
  9.0749 -11.4028
  8.9577 -11.3418
  8.9599 -11.2604
  9.2557 -11.2056
  9.3069 -10.9997
  9.1557 -10.9419
  9.1194 -10.8125
  8.9908 -10.7014
  9.1621 -10.7187
  9.0685 -10.6154
  9.1101 -10.5093
  8.9354 -10.5559
  8.9421 -10.4229
  9.0169 -10.3053
  8.8921 -10.2346
  8.9798  -9.9745
  8.9103  -9.9592
  8.8429 -10.0568
  8.7871 -10.0102
  8.8036  -9.8888
  4.6076 -10.1127
  4.6986 -11.8974
  5.0533 -12.2707
  5.0547 -12.6112
  5.2190 -12.7633
  5.2040 -12.8151
  5.3433 -12.9985
  5.3338 -13.1185
  5.4984 -13.2916
  5.5398 -13.2786
  5.5034 -13.9745
  5.3142 -14.4488
  5.3431 -14.6684
  5.3268 -14.8396
  5.4384 -14.9651
  5.1947 -15.6210
  5.0975 -15.7684
  5.2264 -15.8721
  6.5496 -15.7752
  7.1239 -16.0120
  7.6172 -16.0396
  7.7345 -15.9613
  7.9043 -15.8686
  7.8352 -15.7536
  7.7330 -15.6689
  7.8317 -15.7027
  8.0802 -15.4934
  8.2579 -15.5408
  8.2596 -15.6729
  8.5953 -15.7193
  8.6117 -15.8186
  8.7269 -15.8208
  8.7661 -15.9997
  9.1556 -16.0325
  9.1784 -16.1102
  9.4033 -16.2768
  9.4631 -16.4948
  9.7614 -16.5619
  9.9366 -16.6702
 10.1344 -16.5926
 10.2098 -16.4362
 10.2657 -16.2495
 10.4309 -16.3262
 10.4483 -16.4257
 10.5290 -16.4297
 10.6291 -16.2585
 10.8360 -16.6078
 11.1292 -16.3083
 11.0540 -16.1517
 11.0649 -15.8673
 11.3723 -15.9415
 11.4245 -16.1302
 11.6699 -16.1084
 11.7336 -16.2145
 11.8879 -16.2609
 11.9655 -16.2450
 12.1996 -16.4669
 12.1330 -16.7074
 12.3601 -16.4735
 12.4815 -16.5440
 12.5420 -16.4264
 12.6248 -16.4488
 12.6526 -16.3644
 12.6032 -16.3175
 12.6494 -16.2314
 12.4625 -16.2401
 12.2807 -16.1025
 12.1579 -16.1138
 12.1598 -16.0337
 11.8505 -15.9502
 11.8633 -15.8869
 11.6951 -15.5987
 11.8332 -15.4725
 11.9537 -15.4419
 12.0154 -15.2427
 12.1440 -15.2004
 12.2038 -15.0829
 12.3163 -14.9709
 12.2543 -14.9662
 12.2829 -14.7182
 12.2071 -14.6651
 12.2177 -14.5823
 11.9562 -14.7901
 11.7950 -14.7749
 11.6004 -15.1495
 11.5318 -15.1557
 11.2790 -14.9941
 11.3282 -14.8584
 11.1969 -14.6770
 10.8247 -14.9243
 10.3628 -14.7709
 10.6157 -14.3332
 10.8791 -14.3402
 11.0424 -14.5082
 11.6039 -14.5175
 11.4268 -14.1081
 11.2844 -13.9881
 11.2136 -13.5992
 11.3016 -13.2346
  8.4491 -13.4050
  8.5211 -13.3184
  8.4118 -13.0145
59
 31.2401  12.5592
 30.2029  12.2203
 30.3309  10.9107
 31.2261  11.1926
 31.2436  11.1417
 31.3215  11.1568
 31.3160  11.2236
 32.5474  11.6569
 32.5813  11.6116
 33.0931  11.8307
 33.1804  11.6359
 33.2183  11.6497
 33.3367  11.4184
 33.5643  11.4458
 33.7724  11.1095
 33.8067  11.1340
 33.8587  11.0614
 33.9796  11.1756
 33.9425  11.2518
 34.1349  11.4948
 34.2786  11.5945
 34.3566  11.3373
 34.5986  11.4960
 35.1662  11.8383
 35.2269  11.7467
 35.1283  12.1362
 34.8698  12.4758
 34.5615  12.4961
 34.6226  12.4029
 34.8135  12.4199
 34.8682  12.2778
 34.9459  12.2977
 34.9935  12.0843
 34.5629  11.7936
 34.3226  11.8874
 34.2283  12.0703
 34.0067  12.1131
 34.1003  12.2044
 33.9836  12.3326
 33.8688  12.3695
 33.8345  12.4606
 33.5613  12.5299
 33.5630  12.4147
 33.3532  12.4981
 33.3379  12.6301
 33.3716  12.6307
 33.3606  12.7743
 33.4749  12.9210
 33.4253  12.9823
 33.6202  13.1600
 33.5607  13.2275
 33.4859  13.2231
 33.2630  13.4585
 33.2620  13.5500
 33.0046  13.4527
 32.9727  13.3390
 32.8511  13.2576
 32.7203  13.0278
 31.2401  12.5592
7
 34.4624  11.2386
 34.3375  10.9280
 34.2799  10.8727
 34.6020  11.1424
 34.5460  11.2237
 34.4814  11.1875
 34.4624  11.2386
7
 35.3008  11.3719
 35.2785  11.3392
 35.3205  11.2525
 35.3288  11.1630
 35.2185  11.0869
 35.4431  11.2287
 35.3008  11.3719
118
 28.5320   5.8728
 23.5170   4.5430
 23.7415   3.6349
 24.2316   4.2451
 24.3669   4.2351
 24.5770   4.5544
 25.4243   4.9088
 25.5929   4.8335
 25.8401   4.8428
 25.8976   4.7164
 25.9568   4.6790
 25.9711   4.5959
 26.0413   4.5500
 26.0491   4.4861
 26.5049   4.3464
 26.4391   4.1780
 26.6316   4.0866
 26.8410   4.0887
 27.0890   3.9801
 27.1668   4.0974
 27.3944   3.9742
 27.2689   3.7133
 27.2681   3.5596
 27.0463   3.0793
 27.2177   2.8419
 27.4387   3.0076
 27.4968   3.1423
 27.5951   2.9616
 27.7706   2.9112
 27.7605   3.0167
 27.9469   2.8592
 27.9708   2.9321
 28.2750   2.7833
 28.3656   2.8304
 28.3785   2.9100
 28.4601   2.7683
 28.6177   2.7232
 28.4237   3.0308
 28.4198   3.1059
 28.2623   3.0862
 28.0561   3.2818
 28.3906   3.1532
 28.3921   3.2412
 28.0891   3.5399
 27.9857   4.0141
 27.9140   4.0270
 27.9388   4.1859
 28.0227   4.1879
 27.9658   4.3037
 28.0443   4.3252
 28.0097   4.3919
 27.8925   4.4796
 27.9956   4.4756
 27.9596   4.5418
 27.8221   4.5802
 27.7847   4.6575
 27.6887   4.7605
 27.9152   4.7352
 27.8787   4.8033
 27.9446   4.8424
 27.9100   4.9090
 28.0089   5.0355
 28.0891   4.9911
 28.0921   5.0701
 28.1550   5.0877
 28.2356   5.2840
 28.1925   5.3482
 28.2701   5.4903
 28.3813   5.5448
 28.4141   5.3668
 28.5306   5.3464
 28.4044   5.2552
 28.4050   5.1904
 28.4772   5.1439
 28.2171   4.8971
 28.1903   4.6589
 28.3021   4.5603
 28.3664   4.6641
 28.3675   4.4793
 28.3971   4.3997
 28.3533   4.3113
 28.4234   4.0579
 28.3100   4.1029
 28.2883   3.9007
 28.4449   3.9208
 28.5222   3.8887
 28.6039   3.9648
 28.5888   3.8308
 28.7477   3.7201
 28.4480   3.7253
 28.4815   3.6029
 28.5949   3.5921
 28.5158   3.5704
 28.4784   3.3962
 28.5969   3.2741
 28.9309   3.1481
 28.9656   3.2455
 29.0730   3.1987
 29.1161   3.2871
 29.1263   3.1905
 29.2285   3.1959
 29.1323   2.9838
 29.3435   3.0308
 29.2678   2.9887
 29.2934   2.8964
 29.4078   2.9185
 29.2849   2.7085
 29.4012   2.6641
 29.6381   2.8063
 29.6535   2.8757
 30.0004   3.0288
 30.0863   3.4605
 30.1511   3.4136
 30.1148   3.0842
 30.1977   3.0962
 30.2063   3.9143
 29.3194   3.6711
 28.5320   5.8728
123
 33.2412  14.0000
 33.3353  14.0140
 33.3261  14.5374
 33.4676  14.7770
 33.4095  14.8808
 33.4502  15.0112
 33.5519  15.1336
 33.4197  15.2182
 33.5257  15.5598
 33.6772  15.7008
 33.7042  15.6552
 33.7691  15.7618
 33.9563  15.5242
 33.9572  15.6054
 33.8938  15.7414
 33.9971  15.9003
 34.1262  15.8697
 34.0798  16.0268
 34.1896  16.0007
 34.2617  15.9491
 34.2393  16.2074
 34.3106  16.3178
 34.3179  16.2397
 34.4827  16.3075
 34.4567  16.2501
 34.5369  16.2365
 34.6333  16.5082
 34.5619  16.8996
 34.5590  17.1080
 34.4927  17.1860
 34.6395  17.3519
 34.6467  17.5304
 34.7077  17.4278
 34.7114  17.2783
 34.8274  17.3623
 34.8866  17.2813
 34.7655  17.2298
 34.7941  17.1828
 34.7533  17.1207
 34.9410  17.1532
 35.0244  17.0947
 35.1565  17.1387
 35.0553  17.2591
 35.0132  17.3577
 35.1081  17.5047
 35.1097  17.5996
 35.2260  17.4857
 35.2970  17.6332
 35.3000  17.7042
 35.3838  17.6831
 35.3957  17.7704
 35.4852  17.7025
 35.5712  17.7173
 35.5602  17.6652
 35.6387  17.6399
 35.6787  17.5277
 35.6852  17.6478
 35.7392  17.6960
 35.7220  17.7956
 35.8353  17.7855
 35.8235  18.0627
 35.9025  18.1100
 35.9891  18.0307
 36.0434  18.1373
 36.1354  18.1555
 36.0891  18.3354
 36.1989  18.3369
 36.2537  18.4216
 36.3129  18.3653
 36.2941  18.5578
 36.5022  18.5086
 36.6511  18.8860
 36.5954  18.9916
 36.5480  18.9470
 36.4678  18.9935
 36.3690  18.9485
 36.3317  19.0499
 36.4609  19.1567
 36.3193  19.3185
 36.3304  19.3839
 36.0303  19.4730
 35.9669  19.3363
 35.7354  19.5150
 35.6855  19.6953
 35.5391  19.8544
 35.5929  19.9369
 35.4705  20.0592
 35.1806  20.0226
 35.1259  20.0701
 35.0275  20.0133
 34.9499  20.0959
 34.9227  20.2837
 33.9390  22.3658
 33.2296  22.6537
 33.0234  22.5477
 33.0415  22.4371
 32.8499  22.3508
 32.5258  22.0083
 32.3257  22.0483
 32.1882  22.3600
 31.9557  22.2821
 31.6356  20.6375
 31.7390  20.0462
 31.6404  19.6132
 31.7383  19.5510
 31.7446  19.3224
 31.7907  19.2269
 31.8590  19.1966
 31.8616  19.0369
 31.7973  18.8379
 31.8138  18.7182
 31.6723  18.5347
 31.6086  18.2328
 31.7883  18.0645
 31.5738  17.9789
 31.6398  17.7312
 31.5598  17.7096
 31.4627  17.8309
 31.3195  17.7066
 32.7478  14.4190
 33.0360  14.2314
 33.1376  14.0304
 33.2412  14.0000
89
 15.7295   6.5520
 17.4758   6.9552
 17.5923   7.3445
 17.6798   7.4149
 17.7282   7.5906
 17.7197   8.0175
 17.9733   8.2467
 17.9605   8.4961
 18.0164   8.6338
 17.9798   8.6992
 18.1436   8.7959
 18.1980   8.7232
 18.1668   8.6545
 18.2729   8.6239
 18.3330   8.8159
 18.2823   9.2662
 18.3251   9.4219
 17.8012  10.7870
 17.5552  11.0903
 17.2198  11.1116
 16.8497  10.7622
 16.7188  10.3710
 16.4891  10.0951
 16.4438  10.1697
 16.2945  10.1597
 16.1185  10.3644
 16.1457  10.7132
 16.3896  10.8460
 16.4025  10.9305
 16.4814  10.9794
 16.4978  11.3376
 16.6163  11.3822
 16.6862  11.6153
 16.6233  12.1979
 16.3159  12.6031
 16.3275  12.7621
 16.5238  12.7709
 16.4520  12.8304
 16.2567  13.1642
 16.0977  13.2563
 15.3071  13.4053
 15.0344  13.5679
 14.8284  13.5467
 14.4322  13.6460
 14.1968  13.5589
 14.2366  13.4635
 14.0938  13.2591
 14.1783  13.0476
 14.3628  12.9582
 14.0073  12.7986
 13.8653  12.5863
 13.9458  12.0330
 13.8543  11.9333
 13.8315  12.1347
 13.7720  12.0625
 13.7357  11.7351
 13.6937  11.7690
 13.6942  12.0483
 13.6648  12.1259
 13.6941  12.2448
 13.6454  12.3584
 13.7044  12.4323
 13.6916  12.5020
 13.5758  12.3782
 13.5483  12.2489
 13.4704  12.1520
 13.4575  12.0254
 13.2622  11.9709
 13.1370  11.8139
 13.1820  11.6366
 12.9789  11.4162
 13.0522  10.8627
 12.8953  10.3530
 12.8332  10.2385
 12.9464  10.0941
 12.9993   9.7312
 12.9290   9.5760
 13.0797   9.2006
 13.4347   8.6940
 13.6020   7.9600
 13.6651   7.8986
 13.6499   7.8547
 13.5893   7.8536
 13.5758   7.2441
 13.3221   6.6483
 13.2787   6.4351
 13.0697   6.2086
 15.6998   6.6714
 15.7295   6.5520
96
  7.9988  14.3832
  7.5086  13.9046
  7.7123  13.7866
  7.8360  13.5807
  9.2912  13.3367
  9.6646  13.2477
  9.7762  13.3048
 10.3450  13.1130
 10.3131  13.0369
 10.7579  12.8388
 10.7271  12.8037
 10.7827  12.6784
 10.7327  12.3029
 10.8176  12.2642
 10.9777  12.3407
 11.0138  12.2945
 10.9677  11.9908
 11.1805  11.8701
 11.1765  11.9928
 11.3784  12.4037
 11.5867  13.0225
 11.6415  13.1228
 11.6166  13.1904
 11.7588  13.4092
 11.7244  13.2709
 11.7699  13.0419
 11.9091  13.1153
 11.9754  13.2716
 11.9775  13.3849
 12.1330  13.3593
 12.2264  13.4775
 12.2512  13.4207
 12.2119  13.2705
 12.1476  13.2290
 12.1365  13.1249
 12.0958  13.0247
 12.2355  13.0072
 12.2196  13.0565
 12.2546  13.1450
 12.3237  13.1658
 12.5216  13.4263
 12.5224  13.5504
 12.7473  13.6925
 12.9777  13.6834
 13.3262  13.8586
 13.4432  14.0371
 14.0919  14.0248
 14.4515  13.8054
 14.4331  14.0080
 14.4737  14.0576
 14.4483  14.1160
 14.6306  14.1412
 15.3959  14.2133
 15.0514  14.4854
 14.9211  14.5205
 14.9551  14.6000
 14.8823  14.8154
 14.7854  14.9407
 14.4206  14.8363
 14.4037  14.8836
 14.0351  14.7999
 13.8761  14.8431
 13.8373  15.2276
 13.8565  15.3452
 12.4300  14.8727
 12.1231  14.6119
 11.9314  14.3634
 11.7865  14.4301
 11.6844  14.3625
 11.4715  14.4915
 11.0528  14.3796
 10.9968  14.5046
 10.7416  14.7405
 10.7130  14.8271
  9.9919  14.8784
  9.9285  14.8384
  9.9852  15.0093
  9.7728  14.8042
  9.6752  14.6168
  9.6867  15.0051
  9.7311  15.0332
  9.7544  15.2006
 10.1469  15.7195
 10.1302  15.7793
 10.3891  15.8918
 10.3450  15.9562
  9.8090  15.8418
  9.5705  15.6415
  9.4343  15.3967
  9.2985  15.3251
  9.0817  15.1014
  9.0601  14.9649
  8.7863  14.8338
  8.5136  14.5937
  8.0885  14.4960
  7.9988  14.3832
77
  7.0105   8.5182
  6.9525   8.5827
  6.9689   8.7169
  6.9130   8.8222
  6.9296   9.0146
  6.6492   9.3205
  6.1169   9.6188
  5.9521   9.9057
  5.4892  10.0723
  5.3972  10.1956
  5.1051  10.2495
  4.8185  10.4859
  4.8503  10.6893
  4.7687  11.0444
  4.7892  11.2996
  4.7564  11.4163
  4.8746  11.6804
  4.7195  11.9073
  4.5556  11.9225
  4.5295  11.9817
  4.6778  12.2870
  4.7236  12.4830
  5.0635  12.7471
  5.2158  12.8410
  5.1160  13.8616
  5.2027  13.8895
  6.2180  14.9881
  6.7409  15.6760
  8.1815  16.6129
  7.7504  16.5349
  7.3411  16.7028
  6.9645  16.6249
  6.6687  16.6098
  6.6451  16.6971
  6.5798  16.7299
  6.5411  16.8366
  5.9144  16.4192
  5.7443  16.4214
  5.7250  16.4793
  5.5728  16.5138
  5.4598  16.6232
  5.2178  16.6786
  5.0707  16.8641
  4.8471  16.7602
  4.8640  16.6509
  4.7694  16.6009
  4.6387  16.8309
  4.6446  16.9019
  4.3591  16.9550
  4.3720  17.0266
  4.4360  17.0522
  4.4215  17.1423
  3.6544  17.2117
  3.4700  17.1148
  3.4624  17.0544
  3.0993  16.9326
  3.0368  17.1294
  2.5441  17.1416
  2.0123  17.3430
  1.8084  18.2928
  1.4055  18.3466
  1.4409  17.6867
 -0.9256  17.5573
 -0.7520  16.9732
 -0.7636  16.0518
 -0.3718  14.9450
 -0.3227  14.0870
 -0.2352  13.9595
 -0.2417  13.4487
 -0.1014  13.0542
  0.0081  12.9190
  0.0645  12.0892
 -0.2475  11.6952
 -0.0451  11.3835
  0.2754  11.1262
  0.4186   7.9865
  7.0105   8.5182
78
 10.4369  -4.4097
 10.5553  -4.0706
 10.4409  -3.9924
 10.6200  -3.9020
 10.5344  -3.7996
 10.6640  -3.7038
 10.5976  -3.6188
 10.6301  -3.4732
 10.5597  -3.4295
 10.6095  -3.3636
 10.6916  -3.4362
 10.6869  -3.5486
 10.7870  -3.4860
 10.8642  -3.2323
 11.0722  -3.3313
 11.1327  -2.9388
 11.0899  -2.8513
 11.1526  -2.7534
 11.1101  -2.5948
 10.8331  -2.4436
 10.8645  -2.5822
 10.6971  -2.4680
 10.5503  -2.1703
 10.4804  -2.1266
 10.5905  -1.9509
 10.4145  -1.6158
 10.4046  -1.4536
  9.9093  -1.1239
  9.7029  -1.0649
  9.7351  -0.9887
  9.6727  -1.0061
  9.1005  -0.5801
  9.0613  -0.4320
  9.2920   0.1610
  9.2760   0.3718
  9.3443   0.4802
  8.8658   0.6625
  8.6818   0.4610
  8.4913   0.7862
  8.5041   0.8883
  8.3907   1.1507
  7.9460   1.4397
  7.3486   2.1386
  7.3764   2.2436
  7.2837   2.4059
  7.2399   2.7758
  7.3104   3.0050
  7.0672   3.2144
  7.0191   3.3103
  6.9504   3.3144
  6.8963   3.3903
  1.5117   2.9649
  1.7197   2.6040
  1.7100   2.5038
  1.9140   2.4037
  1.9413   2.3141
  2.0133   2.2670
  2.0373   2.0879
  2.4239   1.7582
  2.6186   1.8584
  2.6630   1.7610
  2.7400   1.7549
  2.7469   1.6344
  2.7024   1.6126
  2.7818   1.5663
  2.6360   1.5492
  2.6399   1.4794
  2.4789   1.1692
  2.7879   0.9148
  2.9132   0.6205
  3.2160   0.5085
  3.4418  -4.0890
  9.7047  -3.6020
  9.8769  -3.8481
  9.8058  -4.1000
  9.6342  -4.2680
  9.4841  -4.4973
 10.4369  -4.4097
95
 13.4303 -14.0342
 13.0248 -11.4423
 12.9602  -6.0883
 12.8158  -5.9327
  9.8155  -6.2598
  9.8613  -6.3863
  9.5757  -6.7079
  9.4976  -6.7578
  9.5571  -6.8636
  9.4729  -6.8504
  9.4665  -6.9518
  9.5184  -7.0690
  9.4759  -7.1438
  9.4823  -7.3059
  9.2437  -7.4395
  9.2712  -7.5484
  9.0611  -7.7284
  9.1737  -7.7607
  9.1114  -7.8158
  8.9445  -7.8308
  9.0325  -7.9643
  8.9626  -8.1331
  8.8258  -8.0939
  8.8718  -8.4344
  8.7849  -8.5833
  8.8663  -8.6575
  8.6615  -8.6346
  8.7538  -8.8191
  8.6589  -8.8785
  8.7177  -9.0854
  8.7850  -9.0796
  8.7945  -9.1901
  8.9152  -9.1197
  8.8136  -9.3104
  8.9075  -9.4242
  8.9788  -9.3774
  8.9366  -9.5736
  8.8018  -9.6752
  8.8717  -9.8018
  8.7884  -9.9201
  8.8429 -10.0568
  8.9346  -9.9483
  8.9537 -10.0686
  8.9117 -10.2735
  9.0274 -10.3238
  8.9269 -10.4542
  8.9613 -10.5626
  9.1144 -10.5602
  9.0612 -10.6354
  9.1314 -10.7602
  8.9908 -10.7014
  9.1375 -10.8321
  9.1557 -10.9419
  9.3249 -11.0176
  9.2299 -11.2184
  8.9599 -11.2604
  8.9690 -11.3709
  9.0749 -11.4028
  9.2349 -11.2780
  9.2587 -11.3467
  9.1321 -11.4793
  9.0410 -11.5169
  9.0990 -11.5845
  8.9280 -11.9112
  8.7485 -11.9363
  8.7827 -12.0254
  8.8806 -12.0669
  8.6835 -12.1939
  8.6849 -12.3050
  8.5679 -12.3654
  8.6609 -12.4393
  8.5608 -12.4860
  8.6231 -12.7247
  8.5077 -12.6930
  8.4982 -12.7855
  8.5538 -12.8412
  8.5519 -12.9331
  8.3997 -12.9748
  8.5211 -13.3184
  8.4432 -13.4267
 11.2633 -13.1991
 11.3136 -13.2654
 11.1964 -13.7940
 11.3129 -14.0157
 11.5529 -14.3306
 11.6545 -14.5838
 11.8608 -14.5256
 12.0532 -14.2428
 12.1126 -14.3188
 12.6700 -14.0902
 12.6731 -14.0294
 12.8797 -14.1618
 13.1420 -14.0533
 13.3009 -14.1492
 13.4303 -14.0342
81
 -9.0172  12.2851
 -8.7388  17.6229
-22.4364  19.4510
-22.8103  17.6465
-22.6647  17.2526
-22.6013  17.2176
-22.5866  17.0187
-22.5432  16.9570
-22.6269  16.8602
-22.5569  16.6898
-22.6703  16.6516
-22.4648  16.4516
-22.4358  16.3533
-22.2410  16.2414
-21.9852  15.6824
-21.8953  15.5619
-21.9146  15.4627
-21.7535  15.2347
-21.7892  15.1585
-21.6326  15.2008
-21.6213  15.0326
-21.2664  14.9984
-21.3221  14.7385
-21.3899  14.7205
-21.3844  14.5970
-21.5435  14.3166
-21.5497  14.1627
-21.6308  14.1562
-21.6031  13.9960
-21.6625  13.9458
-21.5715  13.8154
-21.5615  13.6387
-21.7687  13.5635
-21.7774  13.2857
-21.8728  13.2403
-21.8651  13.1252
-21.7752  13.0996
-21.6464  12.8994
-21.5548  12.9242
-21.4949  13.0178
-21.4106  13.0026
-21.1472  13.2649
-21.0803  13.2314
-20.9414  13.0001
-20.9890  12.9366
-20.9203  12.8329
-20.9157  12.4818
-20.8093  12.1743
-20.6791  12.0086
-20.6985  11.8486
-20.7700  11.8086
-20.6444  11.5201
-20.4785  11.5535
-20.3810  11.4352
-20.3177  11.1991
-20.3560  11.1444
-20.3020  10.9815
-20.3208  10.9129
-20.2649  10.8000
-20.0902  10.7004
-20.0360  10.8565
-19.9345  10.9012
-19.6072  10.7999
-19.5577  10.7404
-19.4837  10.7487
-19.4561  10.8785
-19.3236  10.9297
-19.2512  10.8366
-18.8567  10.8383
-18.7960  10.7581
-18.5072  10.7874
-18.3667  10.7584
-18.4082  10.8765
-18.3316  11.0490
-18.2089  11.1028
-18.0475  10.8558
-18.0527  10.7640
-17.8695  10.5662
-17.7350  11.4440
 -9.1069  10.6554
 -9.0172  12.2851
6
 30.0155   0.2102
 29.9653   0.1968
 30.4106  -0.6491
 30.5150  -0.6750
 30.7276  -0.8387
 30.0155   0.2102
4
 29.8993   0.1792
 29.8334   0.1617
 29.9216   0.0667
 29.8993   0.1792
150
 29.7430   0.1378
 21.7016  -1.6624
 21.6650  -1.9949
 21.7285  -2.1001
 21.5133  -2.1733
 21.2865  -2.6262
 20.9068  -2.6778
 20.5564  -2.9826
 20.5556  -2.8895
 20.4701  -2.8430
 20.2769  -3.1287
 20.1485  -3.1629
 20.1787  -3.2816
 19.4075  -3.9625
 18.9456  -4.0920
 18.7336  -4.3454
 18.7130  -4.5794
 18.3850  -4.7473
 18.4084  -5.1587
 20.1602  -4.8653
 21.0732  -4.3664
 23.1305  -3.9974
 23.1493  -4.1837
 23.2702  -4.0546
 23.5787  -4.3423
 23.6096  -4.5357
 25.2324  -4.2361
 27.2356  -5.5386
 27.7336  -5.3309
 28.0486  -5.2188
 28.0699  -4.9542
 28.1208  -4.9859
 28.1781  -5.0803
 28.3243  -4.4322
 28.5701  -4.1031
 28.7134  -3.9182
 28.6189  -3.8214
 28.6609  -3.7358
 28.5788  -3.6910
 28.5781  -3.5702
 28.7359  -3.7502
 28.7152  -3.8534
 29.0133  -3.6405
 28.9488  -3.4495
 29.0076  -3.4353
 29.1077  -3.5856
 29.4390  -3.4086
 29.6553  -3.2340
 29.7386  -3.3123
 29.7947  -3.2547
 29.8578  -3.3267
 30.0081  -2.9943
 30.1378  -2.8322
 30.0526  -2.7107
 29.8968  -2.7612
 29.8239  -2.7566
 29.8330  -2.8304
 29.7080  -2.8292
 29.7597  -2.9686
 29.6110  -2.9408
 29.6475  -3.0192
 29.5976  -3.0315
 29.5596  -2.9535
 29.3099  -3.0586
 29.0625  -2.8477
 29.1394  -2.8384
 29.3983  -2.9495
 29.5863  -2.7720
 29.6300  -2.5538
 29.5678  -2.5161
 29.5911  -2.4665
 29.6718  -2.4349
 29.6417  -2.3892
 29.7090  -2.3723
 29.6531  -2.2550
 29.4951  -2.2623
 29.4465  -2.3163
 29.3702  -2.2592
 29.2608  -2.2865
 29.2544  -2.2235
 29.1626  -2.2463
 28.8476  -2.0851
 29.1023  -2.1094
 29.1617  -2.0623
 29.1769  -2.1231
 29.4581  -2.1518
 29.4759  -2.0807
 29.4416  -1.9809
 29.3524  -1.8722
 29.5681  -1.8501
 29.5790  -1.7827
 29.6361  -1.8006
 29.6235  -1.8913
 29.5174  -1.9619
 29.6033  -2.1248
 29.7409  -2.0368
 29.7526  -1.9786
 29.7938  -2.0005
 29.8675  -2.1133
 29.8626  -2.0269
 29.9893  -2.1034
 30.0285  -2.0495
 30.2659  -1.9678
 30.2493  -1.8307
 30.3366  -1.8617
 30.3620  -1.6469
 30.4290  -1.6295
 30.4527  -1.4818
 30.5719  -1.5272
 30.6226  -1.3818
 30.5842  -1.2713
 30.6264  -1.2602
 30.4480  -0.8899
 30.3109  -0.8400
 30.2913  -0.9656
 30.1652  -1.0636
 30.1926  -1.4730
 30.0622  -1.4189
 30.1538  -1.3952
 30.0530  -1.2456
 30.0944  -1.2024
 30.0349  -1.0746
 30.0833  -1.0525
 30.0778  -0.9661
 30.0234  -0.9592
 30.0345  -0.9010
 29.6750  -1.0152
 29.0453  -1.2102
 29.0747  -1.0830
 28.8330  -0.5117
 28.9952  -0.6015
 28.9949  -0.8410
 29.0993  -1.0103
 29.4110  -0.9536
 29.3772  -0.8518
 29.5015  -0.7551
 29.4385  -0.6837
 29.6619  -0.6907
 29.5972  -0.5778
 29.8547  -0.5202
 29.7819  -0.5068
 29.7000  -0.3641
 30.0039  -0.4486
 29.9548  -0.2972
 30.1040  -0.3897
 30.2573  -0.6016
 30.3007  -0.5672
 29.9623  -0.0869
 29.9176  -0.1217
 29.7430   0.1378
5
 30.5399  -0.8388
 30.6845  -0.9920
 30.6427  -1.0337
 30.5077  -0.9105
 30.5399  -0.8388
13
 30.8535  -1.0430
 31.0533  -1.3082
 31.1090  -1.5179
 31.0666  -1.7536
 31.1140  -2.0288
 30.8678  -2.1889
 30.8519  -2.1279
 30.9515  -2.0062
 30.9830  -2.0305
 31.0744  -1.8781
 31.0052  -1.3210
 30.8445  -1.1086
 30.8535  -1.0430
4
 30.8115  -2.1710
 30.5141  -2.5345
 30.5083  -2.4079
 30.8115  -2.1710
3
 30.4657  -2.5468
 30.4485  -2.5837
 30.4657  -2.5468
3
 30.3802  -2.7271
 30.3644  -2.7635
 30.3802  -2.7271
10
 30.3394  -2.7699
 30.2073  -2.8662
 30.1102  -3.2088
 29.9481  -3.5022
 29.8846  -3.6130
 29.7048  -3.4670
 29.9069  -3.5447
 30.1977  -2.9334
 30.2001  -2.8375
 30.3394  -2.7699
15
  0.0709  12.2503
  0.0081  12.9190
 -0.1625  13.1915
 -0.2470  13.5779
 -0.2352  13.9595
 -0.3227  14.0870
 -0.4374  15.2535
 -0.7998  16.4611
 -0.8016  16.8822
 -0.7520  16.9732
 -0.9216  17.4474
 -0.9256  17.5573
 -8.7388  17.6229
 -9.0172  12.2851
  0.0709  12.2503
36
 -9.2865   7.1649
 -9.4523   3.6733
 -6.8178   3.5721
 -6.8503   1.8404
  2.1267   1.9928
  2.0373   2.0879
  2.0133   2.2670
  1.9413   2.3141
  1.9140   2.4037
  1.7100   2.5038
  1.6842   2.7020
  1.3610   3.2587
  1.4066   3.5811
  1.3276   3.7979
  1.2743   4.1173
  1.2992   4.2287
  1.1989   4.4637
  1.0175   4.6460
  1.0278   4.7357
  0.9520   4.7638
  0.9749   5.0954
  0.8780   5.2503
  0.8492   5.3994
  0.7973   5.3971
  0.6275   5.6905
  0.6546   5.7529
  0.5403   6.1887
  0.2641   6.2560
  0.0834   6.5304
 -0.7281   6.8427
 -1.1448   6.7694
 -1.3793   6.7737
 -1.5014   6.6309
 -2.1460   6.9665
 -2.2062   7.0458
 -9.2865   7.1649
29
 33.2412  14.0000
 33.0817  14.0890
 33.0134  14.2448
 32.7060  14.4829
 31.3195  17.7066
 31.1581  17.5638
 31.0381  17.5628
 30.9331  17.4187
 30.9985  17.3545
 30.9690  16.9101
 31.0508  16.7588
 31.0262  16.4656
 31.2133  16.2074
 31.1556  15.8662
 30.9982  15.6368
 30.8433  15.4446
 30.9116  14.4391
 30.8531  14.0336
 31.0879  13.0130
 31.0586  12.7666
 31.2401  12.5592
 32.8844  13.1685
 32.8625  13.2977
 32.9989  13.3588
 33.0338  13.4877
 33.2620  13.5500
 33.2909  13.8930
 33.2423  13.9324
 33.2412  14.0000
33
 30.4396   8.7154
 30.4102   8.8847
 29.1099   9.1934
 28.7784   8.3533
 28.9238   8.1762
 28.8858   7.9992
 28.8332   7.9275
 28.8941   7.6382
 29.0921   7.6210
 29.1901   7.4080
 29.3099   7.3999
 29.7646   7.0405
 29.1779   6.2909
 28.9934   6.1157
 28.9367   5.7578
 29.0477   5.5483
 29.7463   5.1698
 30.0861   5.2024
 30.1115   4.8014
 30.2847   4.9411
 30.6177   5.9706
 30.5562   6.1183
 30.6564   6.1276
 30.7391   6.5522
 30.7243   7.0927
 30.8506   6.6877
 30.6727   7.7988
 30.5528   7.8832
 30.5961   7.7978
 30.1568   7.8808
 30.2719   8.1845
 30.3452   8.2736
 30.4396   8.7154
12
 -8.3150  -4.2849
 -8.2935  -3.3751
-16.7173  -2.8484
-17.6281 -12.7416
-16.3920 -12.8393
-16.3164 -12.0779
-13.8257 -12.2568
-13.9534 -12.0979
-13.9574 -11.8973
 -8.6556 -12.1153
 -8.3782  -4.2830
 -8.3150  -4.2849
16
-25.1010  -5.3415
-25.0869  -5.1885
-24.9677  -5.0729
-24.9815  -4.6560
-25.0270  -4.5679
-24.9927  -3.4760
-24.8086  -3.3601
-24.3682  -3.4795
-24.3619  -3.6029
-24.1186  -3.6500
-23.9514  -3.3653
-22.3391   6.8007
-30.0989   8.4149
-31.3409   3.0900
-28.1521  -1.2640
-25.1010  -5.3415
66
 30.2029  12.2203
 29.6247  13.7346
 29.5188  13.6199
 29.4552  14.0117
 29.1885  14.4559
 29.1834  14.7000
 29.1993  14.9301
 28.9039  15.5643
 28.8451  15.7779
 28.7782  15.8772
 28.7259  16.1379
 27.0414  15.5252
 26.6475  15.2735
 26.4506  15.0670
 26.0268  14.2392
 26.0340  14.0425
 25.5135  13.3470
 25.5213  13.2942
 25.7250  13.1161
 25.7337  13.2179
 25.6973  13.2831
 25.8376  13.2593
 25.7800  13.1653
 25.8677  13.1388
 25.8193  12.9599
 25.7325  12.9335
 25.9776  12.4398
 25.8608  12.3053
 25.7227  12.2866
 25.6682  12.1276
 25.5067  11.9274
 25.4828  11.8443
 25.1930  11.6170
 24.5104  11.4114
 24.4925  11.3629
 24.0835  11.4741
 22.9902  11.1746
 22.5895  10.9503
 22.6175  10.6044
 22.6923  10.5586
 22.7121  10.4572
 22.7866  10.3814
 22.8841  10.3957
 23.0039  10.1802
 22.9700  10.0423
 22.8158   9.9067
 22.7274   9.6372
 22.0741   8.9168
 22.1938   8.4664
 27.9375  10.0549
 28.1792   9.8544
 28.3533   9.8197
 28.4760   9.7153
 28.5392   9.4596
 28.7148   9.2924
 30.4102   8.8847
 30.4865   8.6196
 30.6142   8.6159
 30.5944   8.7321
 30.7018   8.9458
 30.6981   9.0342
 30.5818   9.1619
 30.8147   9.4503
 30.6816   9.5743
 30.2962  10.9888
 30.2029  12.2203
33
 30.6352   8.5779
 30.5216   8.4870
 30.4466   8.2184
 30.5052   8.1128
 30.8913   8.2263
 31.4416   8.6509
 32.0542   8.9779
 31.7423   8.6386
 32.7959   9.7039
 32.5170   9.5975
 32.4725   9.6275
 32.3362   9.3308
 32.3917   9.2946
 32.2859   9.2251
 32.2749   9.3099
 32.1314   9.3300
 32.3631   9.5998
 32.3310   9.6676
 32.4034   9.8067
 32.4955   9.8839
 32.0134   9.3804
 31.3981   9.1410
 31.3446   9.0216
 31.1474   9.0016
 31.0995   8.9409
 30.9940   8.9298
 31.0254   8.8835
 30.9978   8.8414
 30.9090   8.8787
 30.8244   8.6720
 30.7386   8.6774
 30.7045   8.5457
 30.6352   8.5779
3
 30.4525   8.5971
 30.4313   8.3456
 30.4525   8.5971
5
 30.4127   8.1397
 30.3288   8.2141
 30.1549   7.8589
 30.2488   7.8554
 30.4127   8.1397
63
 21.7653   5.8461
 21.1994   8.1632
 20.5133   7.7599
 20.2355   7.5605
 19.8921   7.0516
 19.3864   6.9106
 18.8494   6.5863
 18.3923   6.6290
 18.2568   6.5283
 18.1966   6.5891
 18.4904   6.8045
 18.3182   6.8440
 18.2931   6.7329
 17.6223   6.9223
 17.4433   6.8031
 17.4758   6.9552
 15.7295   6.5520
 16.4986   1.9943
 16.5957   2.0417
 16.7751   1.9786
 17.0322   2.0760
 17.3890   1.6513
 17.9103   1.5995
 18.0795   1.4721
 18.2479   1.4828
 18.3959   1.6047
 18.7490   1.5029
 18.9566   1.5730
 19.2559   1.8400
 19.3660   1.6092
 19.8096   1.3497
 20.1284   1.4856
 20.1524   1.7322
 20.2580   1.7845
 20.1574   2.1217
 20.2365   2.2110
 20.2779   2.4926
 20.3386   2.5582
 20.5278   2.4703
 20.5377   2.3457
 20.6033   2.3812
 20.6478   2.4840
 20.7231   2.4794
 20.6856   2.6186
 20.5997   2.7166
 20.6835   2.7872
 20.6752   2.9840
 20.7447   3.1144
 20.8488   3.1271
 20.8676   3.2672
 20.9843   3.4079
 21.1228   3.3325
 21.4282   3.6195
 21.5483   3.8580
 21.6725   3.9593
 21.6969   4.1439
 21.6546   4.2195
 21.6560   4.5062
 21.7076   4.5288
 21.7567   5.2815
 21.6845   5.5610
 21.5849   5.7510
 21.7653   5.8461
67
  3.4418  -4.0890
  3.3758  -3.1899
 -8.2935  -3.3751
 -8.3150  -4.2849
 -4.1086  -4.3296
 -4.0843  -7.6911
 -3.8456  -7.7904
 -3.6550  -8.0203
 -3.5138  -8.0198
 -3.4738  -7.9498
 -3.3413  -7.9579
 -3.2502  -8.0185
 -3.1762  -7.8784
 -2.9357  -8.0757
 -2.9340  -8.2869
 -2.5875  -8.3029
 -2.2553  -8.4283
 -2.0901  -8.3563
 -1.9138  -8.5546
 -1.8060  -8.5128
 -1.7258  -8.3718
 -1.4431  -8.4264
 -1.3344  -8.4453
 -1.3491  -8.5853
 -1.2725  -8.6537
 -1.1316  -8.6806
 -1.1712  -8.8019
 -1.0019  -8.9277
 -0.7670  -8.6624
 -0.6594  -8.6809
 -0.5723  -8.8081
 -0.4656  -8.7863
 -0.3185  -8.9818
 -0.1560  -8.8675
 -0.0990  -8.7769
 -0.0058  -8.8949
 -0.0614  -8.9856
  0.0513  -9.1223
  0.1293  -8.9506
  0.0853  -8.8819
  0.1949  -8.9085
  0.2750  -8.8171
  0.2555  -8.6970
  0.3963  -8.7033
  0.4438  -8.8819
  0.5342  -8.8477
  0.6605  -8.8944
  0.7227  -8.7525
  0.8413  -8.8290
  0.7759  -8.8714
  1.2171  -9.1064
  1.4292  -8.9780
  1.5977  -8.8212
  1.7236  -8.8461
  2.0041  -8.7753
  2.0100  -8.7051
  2.3231  -8.6219
  2.3767  -8.7193
  2.7321  -8.6736
  2.7845  -8.5504
  3.1934  -8.7112
  3.3518  -8.8839
  3.6472  -8.9600
  3.8202  -9.0614
  3.9016  -9.0272
  3.7983  -5.9380
  3.4418  -4.0890
73
-26.2130   7.5325
-25.5632  10.6498
-25.3681  11.0063
-25.3673  11.1521
-25.2811  11.2378
-25.3695  11.4555
-25.4281  11.4260
-25.4707  11.5082
-25.6024  11.5585
-25.5978  11.7548
-25.5204  11.9372
-25.1628  12.3529
-24.9433  12.5138
-24.8613  12.6859
-24.8952  12.7023
-24.1950  13.6811
-24.2713  14.0104
-24.3644  14.0504
-24.3979  14.1304
-24.4643  14.0937
-24.6126  14.4797
-27.1242  15.0454
-27.3621  14.9771
-27.8700  15.0963
-28.0227  15.0187
-28.6011  15.0186
-29.0093  14.9685
-29.1797  15.1092
-29.6579  15.0580
-29.7734  15.0991
-29.9275  15.0574
-30.3617  15.3832
-30.7789  15.4252
-31.3603  15.3472
-31.8159  15.6219
-31.8165  15.8492
-31.7452  16.2083
-31.7984  16.4839
-32.0597  16.7594
-32.3121  16.7731
-32.3411  16.9457
-32.6585  16.9465
-32.6800  17.0200
-32.7969  17.0343
-32.7593  16.9365
-32.9561  17.1520
-32.9931  17.1314
-32.9598  16.8801
-33.0371  16.7291
-33.1130  16.6865
-33.1117  16.5448
-33.1939  16.2865
-33.1874  16.1641
-33.2520  16.0319
-33.2457  15.8104
-33.3532  15.8558
-33.3390  15.7310
-33.4223  15.6370
-33.4288  15.5188
-33.8415  14.6745
-34.0348  14.0567
-34.5921  12.7942
-34.9459  12.3239
-35.0588  12.2383
-35.0621  12.1512
-35.4171  11.6019
-35.5413  11.4870
-35.4498  10.9201
-35.5818  10.7287
-35.6435  10.5501
-35.6377  10.0886
-35.5410   9.8719
-26.2130   7.5325
29
 22.0741   8.9168
 21.6498   8.6213
 21.1994   8.1632
 22.1361   4.2219
 28.5864   5.8884
 28.7255   6.1354
 29.0240   6.1573
 29.3502   6.4515
 29.5511   6.8544
 29.7488   7.0685
 29.3099   7.3999
 29.1582   7.4311
 29.0635   7.6335
 28.8752   7.6768
 28.8356   7.9725
 28.9026   8.0255
 28.9088   8.2255
 28.7852   8.3881
 28.9689   8.7081
 29.1099   9.1934
 29.0220   9.2895
 28.6404   9.3464
 28.5221   9.4870
 28.4760   9.7153
 28.2491   9.8645
 28.1145   9.8787
 27.9375  10.0549
 22.1938   8.4664
 22.0741   8.9168
22
 33.7724  11.1095
 33.5643  11.4458
 33.2889  11.4805
 33.2183  11.6497
 33.1804  11.6359
 33.0931  11.8307
 32.5813  11.6116
 32.9200  10.5878
 32.8927  10.4970
 32.9280  10.3511
 33.3326  10.7232
 33.3920  10.6532
 33.3833  10.8885
 33.2988  11.0071
 33.3911  11.1995
 33.4837  11.0839
 33.5116  10.8673
 33.6686  10.8784
 33.6706  11.0166
 33.7145  10.9409
 33.7877  11.0473
 33.7724  11.1095
56
 27.2356  -5.5386
 25.2052  -4.2307
 23.6096  -4.5357
 23.5787  -4.3423
 23.2702  -4.0546
 23.1493  -4.1837
 23.1305  -3.9974
 21.1042  -4.2985
 21.0732  -4.3664
 20.1427  -4.9103
 19.8812  -5.4346
 20.2177  -5.5958
 20.3854  -5.7238
 20.6650  -5.7392
 21.4512  -6.6692
 21.9975  -7.0872
 22.3808  -7.3231
 22.4102  -7.4868
 22.5112  -7.5109
 22.6289  -7.6789
 22.7099  -7.6845
 22.7682  -7.8118
 23.1780  -7.9803
 23.2842  -8.2241
 23.3312  -8.2358
 23.4508  -8.6468
 23.7980  -8.8471
 23.9474  -9.1278
 24.0160  -9.4528
 24.3958  -9.5200
 24.4663  -9.3167
 24.5928  -9.2729
 24.6280  -9.0759
 24.4799  -9.1035
 24.4550  -8.9695
 24.3666  -8.8806
 24.4004  -8.7690
 24.7203  -8.9513
 24.8843  -8.6778
 24.7936  -8.5784
 25.0236  -8.5233
 25.2164  -8.3156
 25.5834  -8.1697
 25.6440  -7.9775
 25.5760  -7.9575
 25.6318  -7.8294
 25.7125  -7.9212
 25.9840  -7.6213
 25.9583  -7.5408
 26.5425  -6.9831
 26.4914  -6.8649
 26.3566  -6.7343
 26.4123  -6.6574
 26.4571  -6.7451
 27.0341  -5.7212
 27.2356  -5.5386
26
  0.4186   7.9865
  0.2423  11.2349
 -0.0451  11.3835
 -0.2295  11.7659
  0.0757  12.1404
  0.0709  12.2503
 -9.0172  12.2851
 -9.2865   7.1649
 -2.1622   7.0169
 -1.5014   6.6309
 -1.3440   6.7955
 -0.2450   6.6580
  0.0834   6.5304
  0.2641   6.2560
  0.4798   6.2159
  0.4293   6.3746
  0.2480   6.6575
  0.3677   7.1432
  0.3448   7.1720
  0.4303   7.3854
  0.3522   7.5133
  0.2523   7.6193
  0.3257   7.7832
  0.2108   7.9183
  0.2232   7.9888
  0.4186   7.9865
55
 18.8993  -2.1529
 12.6407  -2.9598
 12.6788  -3.2618
 10.7870  -3.4860
 10.7311  -3.5739
 10.6869  -3.5486
 10.6691  -3.3872
 10.5712  -3.3785
 10.6334  -3.5030
 10.5976  -3.6188
 10.6285  -3.7573
 10.5292  -3.8303
 10.6232  -3.9319
 10.4409  -3.9924
 10.5755  -4.0985
 10.5215  -4.2889
 10.4472  -4.4388
 10.5348  -4.5607
 10.4361  -4.6315
 10.4383  -4.7342
 10.1767  -4.9141
 10.2220  -5.0317
 10.2915  -5.0634
 10.2394  -5.2834
 10.1387  -5.3434
 10.0799  -5.5018
  9.9629  -5.4020
  9.8795  -5.5627
  9.9397  -5.5868
  9.9919  -5.5319
 10.1024  -5.9673
  9.8019  -6.2098
  9.8155  -6.2598
 18.4067  -5.1481
 18.3870  -4.7144
 18.7551  -4.5198
 18.7336  -4.3454
 19.1964  -3.9659
 19.4369  -3.9356
 20.1499  -3.3598
 20.1977  -3.2471
 20.1485  -3.1629
 20.3248  -3.0670
 20.4959  -2.8383
 20.5556  -2.8895
 20.5761  -3.0009
 21.1781  -2.5936
 21.2865  -2.6262
 21.3736  -2.5471
 21.5553  -2.1229
 21.7285  -2.1001
 21.6650  -1.9949
 21.7016  -1.6624
 21.7224  -1.5957
 18.8993  -2.1529
263
  3.8939  -9.0469
  3.6493  -9.0002
  3.2995  -8.8567
  3.1576  -8.6937
  2.9024  -8.5553
  2.7531  -8.5921
  2.5091  -8.7240
  2.3420  -8.6911
  2.2385  -8.6150
  2.1264  -8.7108
  1.9952  -8.7355
  2.0041  -8.7753
  1.7478  -8.7962
  1.4752  -8.8853
  1.2481  -9.0353
  1.1753  -9.1166
  0.9114  -8.9263
  0.8090  -8.8598
  0.7227  -8.7525
  0.6278  -8.9146
  0.4762  -8.8495
  0.4185  -8.8617
  0.3620  -8.6729
  0.2555  -8.6970
  0.2750  -8.8171
  0.1949  -8.9085
  0.0853  -8.8819
  0.0914  -9.1019
  0.0089  -9.1147
 -0.0614  -8.9856
 -0.0058  -8.8949
 -0.0990  -8.7769
 -0.3185  -8.9818
 -0.4114  -8.9248
 -0.4656  -8.7863
 -0.5487  -8.7674
 -0.6059  -8.8002
 -0.6594  -8.6809
 -0.8893  -8.7647
 -1.0352  -8.9284
 -1.1712  -8.8019
 -1.1565  -8.6619
 -1.3491  -8.5853
 -1.3436  -8.4140
 -1.4019  -8.3854
 -1.6163  -8.4398
 -1.7830  -8.4129
 -1.8561  -8.5432
 -1.9886  -8.4858
 -2.0901  -8.3563
 -2.5451  -8.3531
 -2.9340  -8.2869
 -2.9357  -8.0757
 -3.2178  -7.9083
 -3.2834  -8.0187
 -3.4896  -7.9586
 -3.5397  -8.0286
 -3.6954  -7.9907
 -4.0268  -7.6911
 -4.1001  -7.6998
 -4.1086  -4.3296
 -8.3782  -4.2830
 -8.6556 -12.1153
-13.9574 -11.8973
-13.9534 -12.0979
-13.7198 -12.3334
-13.5987 -12.3318
-13.3639 -12.8476
-13.1741 -12.9899
-13.0462 -13.0057
-12.7161 -13.4252
-12.4752 -13.5884
-12.4059 -13.7637
-11.6058 -14.3536
-11.4512 -14.5409
-11.4119 -14.8544
-11.1988 -15.1436
-11.1767 -15.6768
-11.0908 -15.8799
-11.0385 -15.9030
-10.8950 -16.2395
-10.5448 -16.4435
-10.2078 -16.7861
 -9.8522 -16.8784
 -9.8801 -16.9370
 -9.4304 -17.1119
 -9.2528 -17.3076
 -9.1997 -17.2689
 -9.0790 -17.3824
 -8.8596 -17.3569
 -8.7941 -17.1890
 -8.4911 -16.9765
 -8.4854 -16.7460
 -8.4147 -16.7180
 -8.3729 -16.4394
 -8.3012 -16.2996
 -8.2652 -16.3214
 -8.1213 -16.0749
 -7.8937 -15.9996
 -7.7122 -16.0227
 -7.6820 -15.8836
 -7.4659 -15.9088
 -7.2074 -16.0237
 -7.0762 -15.9753
 -7.0348 -16.0354
 -6.5488 -16.0725
 -6.4269 -16.0253
 -6.3227 -16.0564
 -6.2795 -16.1163
 -6.2110 -16.0979
 -6.1510 -16.2784
 -6.0811 -16.2687
 -6.0827 -16.4101
 -5.9953 -16.3308
 -5.9881 -16.5107
 -5.7020 -16.6235
 -5.6606 -16.7530
 -5.3304 -16.9668
 -5.1496 -17.3083
 -5.0551 -17.5986
 -5.0016 -17.6076
 -4.8811 -18.0079
 -4.6629 -18.2897
 -4.5227 -18.7002
 -4.1354 -19.0899
 -3.6655 -19.7404
 -3.4007 -19.8687
 -3.3816 -20.0100
 -3.3289 -20.0186
 -3.3896 -20.3591
 -3.2369 -20.5191
 -3.2542 -20.8386
 -2.9756 -21.1566
 -2.7853 -21.6756
 -2.6954 -21.7954
 -2.6945 -21.9263
 -2.1363 -22.0910
 -1.9739 -22.2098
 -1.6870 -22.2363
 -1.5150 -22.3337
 -1.0545 -22.5281
 -0.6674 -22.5010
 -0.4155 -22.5473
 -0.3603 -22.6459
  0.3419 -22.6528
  0.3564 -22.4516
  0.3115 -22.4822
  0.3229 -22.5729
  0.2056 -22.5946
  0.2031 -22.4758
  0.2646 -22.4133
  0.1007 -22.3067
  0.1179 -22.2260
  0.0546 -22.1976
  0.0600 -22.0769
  0.0065 -22.0693
 -0.0693 -21.8804
 -0.1227 -21.8709
 -0.2251 -21.1916
 -0.3170 -21.1148
 -0.2864 -20.8434
 -0.2075 -20.7423
 -0.1520 -20.4093
 -0.5909 -20.2692
 -0.6660 -20.0592
 -0.4141 -20.2659
 -0.2809 -20.1725
 -0.2463 -20.1212
 -0.2877 -20.3019
 -0.3325 -20.3133
 -0.2510 -20.3518
 -0.1129 -20.1988
  0.0270 -19.6350
 -0.0620 -19.6684
 -0.0262 -19.6064
 -0.1209 -19.3691
 -0.3158 -19.3521
 -0.3523 -19.3040
  0.1085 -19.3327
  0.1714 -19.3819
  0.3114 -19.2896
  0.1350 -18.9319
  0.2202 -18.8199
  0.1839 -18.7806
  0.4572 -18.7444
  0.4592 -18.8247
  0.5729 -18.7520
  0.5258 -18.6535
  0.6312 -18.6194
  0.6011 -18.8317
  0.7828 -18.7064
  0.8031 -18.4856
  0.7546 -18.3366
  0.8179 -18.3454
  0.7696 -18.2068
  0.9223 -18.3426
  0.9894 -18.4911
  1.3704 -18.2599
  1.3140 -18.1706
  1.1393 -18.1862
  1.2432 -18.1132
  1.0194 -18.0182
  1.0230 -17.8188
  1.1108 -17.8355
  1.1310 -17.8962
  1.1917 -17.8734
  1.2728 -17.9707
  1.2983 -17.9000
  1.2843 -18.0508
  1.4139 -17.9665
  1.3475 -17.7989
  1.3910 -17.7679
  1.4740 -17.9245
  1.5926 -17.7914
  1.6034 -17.8418
  1.6974 -17.7584
  1.6598 -17.9292
  1.7298 -17.9567
  1.6342 -17.9912
  1.6707 -18.0286
  2.3890 -17.6650
  2.1746 -17.8528
  1.4927 -18.2352
  1.4776 -18.3458
  3.2226 -17.1814
  3.2696 -17.0587
  3.1738 -17.0731
  3.2773 -16.8376
  3.4018 -16.8535
  3.5763 -16.6446
  3.6364 -16.6227
  3.6185 -16.4220
  3.5559 -16.3844
  3.5974 -16.3230
  3.4776 -16.1968
  3.4319 -15.9482
  3.6195 -16.0294
  3.9397 -15.7749
  3.8305 -16.2513
  4.1924 -16.1645
  4.2135 -16.2249
  3.9818 -16.3251
  3.8331 -16.5123
  4.9413 -15.9275
  5.2264 -15.8721
  5.0948 -15.7176
  5.4027 -15.2779
  5.4384 -14.9651
  5.3076 -14.8214
  5.3558 -14.5975
  5.3638 -14.2546
  5.5538 -13.5184
  5.5398 -13.2786
  5.2972 -13.0819
  5.3511 -12.9770
  5.2040 -12.8151
  5.2077 -12.7236
  5.1290 -12.7088
  5.0343 -12.2507
  4.6986 -11.8974
  4.5450  -9.1722
  4.0365  -9.2006
  3.8939  -9.0469
7
-16.7173  -2.8484
-16.0328   4.1505
-18.6794   4.4583
-18.4458   6.2118
-22.3391   6.8007
-23.7283  -1.9862
-16.7173  -2.8484
108
 26.1166   4.4508
 26.0213   4.0793
 25.1975   4.4620
 25.1698   4.3706
 25.2052   4.3682
 25.1752   4.2856
 25.2092   4.2828
 25.1557   4.0967
 25.1920   4.0852
 25.1624   3.9708
 25.2245   3.9206
 24.9451   3.4015
 24.8654   3.3820
 24.7859   3.0613
 24.5851   3.1624
 24.5092   3.0601
 24.3153   2.2971
 24.0311   2.3258
 23.9532   2.4474
 23.7900   2.5045
 23.7332   2.3537
 23.7573   2.0708
 23.6749   1.9143
 23.7058   1.8879
 23.5697   1.6767
 23.4662   1.2058
 23.2447   0.6893
 23.2863   0.6132
 23.3939   0.5848
 23.2354   0.4223
 23.3126   0.4187
 23.0848   0.1877
 23.0050   0.2446
 22.6945  -0.0011
 22.5733   0.0583
 22.5365  -0.0456
 22.6013  -0.0744
 22.4691  -0.2074
 22.0320  -0.3718
 21.8475  -0.2511
 21.6374  -0.5367
 21.0414  -0.3195
 20.9748  -0.1528
 21.0043  -0.0955
 20.9549  -0.0521
 20.0570  -1.0222
 20.0762  -1.1246
 19.9029  -1.3141
 19.8845  -1.4435
 19.6275  -1.5947
 19.5676  -1.7716
 18.9163  -2.1499
 21.7224  -1.5957
 21.7386  -1.6330
 29.7568   0.1204
 29.8535   0.1900
 29.8284   0.3477
 29.9653   0.1968
 30.0155   0.2102
 29.5800   0.7858
 29.1829   0.7015
 29.1932   0.6280
 28.9651   0.5682
 28.8388   0.7198
 28.7620   0.7112
 28.6140   0.8134
 28.5252   0.9860
 28.4202   0.9588
 28.0881   1.0040
 28.2426   1.1425
 28.6744   0.9831
 28.6638   0.9252
 28.7796   0.9117
 29.0395   0.7838
 29.0690   1.0983
 28.6134   1.2163
 28.4247   1.4406
 28.8858   1.3318
 28.7882   1.3402
 28.7670   1.4546
 28.8316   1.5364
 29.0450   1.5818
 28.7424   1.7413
 28.8471   1.8358
 28.4656   1.8753
 28.3896   1.9978
 27.7880   2.4262
 27.8355   2.4387
 28.7745   2.0451
 28.7305   2.3381
 28.8596   2.3730
 28.7957   2.4758
 28.5006   2.5507
 28.4266   2.5080
 28.1588   2.7085
 28.0540   2.7148
 27.6701   2.7443
 27.5000   2.9043
 27.4995   3.0028
 27.1626   2.8598
 27.0486   3.1329
 27.1197   3.3482
 27.2964   3.6429
 27.2030   3.9005
 26.7442   4.1049
 26.4312   4.2081
 26.4837   4.3937
 26.1166   4.4508
4
 30.1977   3.0962
 30.1148   3.0842
 30.0867   2.7228
 30.1977   3.0962
14
 30.0004   3.0288
 29.6535   2.8757
 29.6395   2.7416
 29.5516   2.6501
 29.6065   2.4241
 29.4981   2.4057
 29.4778   2.0711
 29.4281   1.7078
 29.4757   1.6328
 29.4574   1.4081
 29.6257   1.2012
 29.7024   1.7269
 29.7352   1.9235
 30.0004   3.0288
26
 31.2401  12.5592
 31.0586  12.7666
 31.0885  13.0802
 30.8463  14.0764
 30.8936  14.2177
 30.9392  15.1165
 30.8559  15.5402
 31.1937  15.9380
 31.2156  16.2420
 31.0262  16.4656
 31.0276  16.8194
 30.9712  16.9447
 28.7259  16.1379
 28.7886  16.0273
 28.7990  15.8182
 28.8629  15.7510
 28.9957  15.3272
 29.2207  14.8692
 29.1885  14.4559
 29.4830  13.8867
 29.4660  13.7481
 29.5474  13.6064
 29.6528  13.7229
 29.7491  13.6332
 30.2029  12.2203
 31.2401  12.5592
181
-24.6126  14.4797
-24.6160  14.5972
-24.5416  14.7688
-24.5481  14.9691
-24.6068  15.0971
-23.5512  19.7007
-30.0013  21.4495
-30.0103  21.3975
-30.0850  21.3889
-30.0352  21.3183
-30.1001  21.2744
-30.0368  21.1788
-30.0682  21.0790
-30.0127  21.0294
-30.0411  20.9627
-29.8858  21.0011
-29.8389  20.8996
-29.8934  20.8845
-29.8856  20.6120
-29.9403  20.5968
-30.0083  20.4215
-30.0933  20.4705
-30.1406  20.5722
-30.1987  20.5468
-30.1744  20.4636
-30.2005  20.4283
-30.0864  20.4041
-30.0972  20.3206
-29.9526  20.1136
-30.0323  19.7588
-29.9700  19.6323
-29.8904  19.6081
-29.9410  19.5368
-30.0348  19.5105
-30.2292  19.2792
-30.2826  19.0577
-30.3311  19.0403
-30.2710  18.9240
-30.3596  18.8961
-30.3738  18.4910
-30.5275  18.4393
-30.5335  18.3222
-30.6456  18.4638
-30.9324  18.1506
-31.0700  18.3025
-31.1015  18.2251
-31.1634  18.2877
-31.2086  18.1161
-31.2487  18.1285
-31.2389  18.2561
-31.3195  18.2375
-31.2052  18.3442
-31.3742  18.2981
-31.2398  18.4194
-31.3609  18.4571
-31.3075  18.5372
-31.2594  18.5222
-31.2956  18.4804
-31.1682  18.4844
-31.1209  18.5663
-31.0116  18.5874
-30.9549  18.7005
-30.9443  18.5893
-31.0203  18.4386
-31.0210  18.3404
-30.9842  18.3178
-30.9167  18.4162
-30.9070  18.5438
-30.7357  18.6009
-30.8222  18.4856
-30.7167  18.3986
-30.7143  18.5282
-30.5160  18.7927
-30.5435  18.9201
-30.6871  18.9963
-30.6728  19.0675
-30.5837  18.9759
-30.5785  19.2332
-30.5422  19.2561
-30.5143  19.1813
-30.4263  19.2526
-30.3494  19.2177
-30.3297  19.4723
-30.4091  19.5931
-30.4254  19.3713
-30.4767  19.4192
-30.7312  19.1631
-31.1666  18.9388
-31.2642  18.8403
-31.1394  18.7672
-30.9560  18.7879
-31.3187  18.7360
-31.3590  18.7714
-31.0132  19.1960
-30.8954  19.2463
-30.8412  19.3260
-30.7973  19.3237
-30.7682  19.4661
-30.7401  19.3930
-30.6956  19.4871
-30.6718  19.4248
-30.7119  19.3407
-30.5657  19.4146
-30.4777  19.4857
-30.4914  19.6299
-30.4185  19.7264
-30.4012  19.8515
-30.4419  19.9077
-30.4853  19.7680
-30.4963  19.8262
-30.5580  19.7906
-30.5496  19.8864
-30.4880  19.9220
-30.4925  19.9764
-30.5778  19.9823
-30.6190  19.9194
-30.5940  19.8132
-30.6989  19.7816
-30.6540  19.8319
-30.7036  19.8797
-30.6847  19.9400
-30.7513  19.9818
-30.8055  19.9022
-30.8550  20.0904
-30.9118  20.1426
-30.9738  20.1072
-31.4521  20.3162
-31.5019  20.3858
-31.9583  20.5914
-32.5303  21.1467
-32.5830  21.1417
-32.5415  21.0507
-32.7145  20.7585
-32.7695  20.4470
-32.6292  20.1020
-32.6891  19.1681
-32.6312  19.0054
-32.6888  18.4889
-32.6228  18.5992
-32.5458  18.5836
-32.5274  18.4802
-32.3304  18.3726
-32.6400  18.3182
-32.6615  18.2277
-32.7336  18.3716
-32.7829  18.0149
-32.6986  17.9762
-32.6551  18.0175
-32.5508  18.0163
-32.5148  17.9169
-32.7088  17.8267
-32.6782  17.6202
-32.8112  17.3900
-32.8931  17.3934
-32.7898  17.8318
-32.8444  17.8495
-33.0073  17.3212
-32.8803  17.2689
-32.8239  17.1650
-32.5717  17.1706
-32.2452  16.9157
-32.2708  16.8590
-32.3411  16.9457
-32.3121  16.7731
-31.9940  16.7296
-31.7984  16.4839
-31.7837  15.9056
-31.8433  15.6850
-31.2799  15.3331
-30.6205  15.4230
-29.9545  15.1491
-29.9275  15.0574
-29.7734  15.0991
-29.5874  15.0387
-29.1797  15.1092
-29.0093  14.9685
-27.9580  15.0447
-27.8216  15.0839
-27.3621  14.9771
-27.0712  15.0526
-24.6126  14.4797
19
-30.1711  19.4445
-30.0865  19.5810
-30.2130  19.8028
-30.2401  19.7148
-30.2472  19.9985
-30.3578  20.1293
-30.2859  20.1296
-30.2704  20.1796
-30.0972  20.1581
-30.1567  20.3390
-30.2580  20.3365
-30.4212  20.1604
-30.3643  19.9706
-30.2960  19.9588
-30.3356  19.7122
-30.2905  19.6000
-30.2018  19.6049
-30.2154  19.4901
-30.1711  19.4445
5
-30.3516  20.5190
-30.4968  20.6083
-30.4783  20.6669
-30.3871  20.7252
-30.3516  20.5190
8
-30.5171  20.7227
-30.5628  20.6936
-30.5515  20.6142
-30.5871  20.5933
-30.6948  20.8666
-30.6433  20.9374
-30.5950  20.9314
-30.5171  20.7227
12
-30.2711  20.8192
-30.3082  20.8404
-30.3061  20.9382
-30.3488  20.9612
-30.3469  20.8091
-30.4154  20.8856
-30.4803  20.8627
-30.4232  20.9753
-30.3717  20.9798
-30.3431  21.0465
-30.1881  20.8802
-30.2711  20.8192
93
  7.9419   6.8363
 11.6049   7.2987
 11.5673   7.8146
 11.4661   7.9426
 11.4363   8.0917
 11.3555   8.2334
 11.2910   8.7255
 11.4351   9.4524
 11.3561   9.8299
 11.3929  10.1625
 11.5323  10.3072
 11.4745  10.8202
 11.7228  11.6072
 11.8813  12.3205
 11.7228  12.2337
 11.7508  12.1469
 11.6989  12.1170
 11.7115  12.0779
 11.6041  12.0713
 11.5812  11.8511
 11.4995  11.5931
 11.5301  11.4959
 11.2023  11.4036
 11.0893  11.0486
 10.9371  10.9541
 10.9101  10.8376
 10.8016  10.7893
 10.7626  10.8549
 10.8048  11.1591
 10.8650  11.2396
 11.0501  11.6356
 11.1781  11.7071
 11.1805  11.8701
 10.9615  12.0309
 11.0138  12.2945
 10.9777  12.3407
 10.7821  12.2587
 10.7327  12.3029
 10.7925  12.5174
 10.7535  12.6328
 10.7614  12.7680
 10.7271  12.8037
 10.7608  12.8607
 10.3131  13.0369
 10.3539  13.1447
 10.2238  13.2588
  9.3906  13.2796
  9.0607  13.4165
  7.7830  13.6130
  7.6168  13.8774
  7.0086  14.0670
  6.8455  13.9152
  6.7736  13.9386
  6.8675  14.0910
  6.8595  14.2721
  6.9170  14.4911
  6.6620  14.4824
  5.5594  13.9256
  5.3231  14.0020
  5.2741  13.9371
  5.2721  14.0286
  5.2027  13.8895
  5.1160  13.8616
  5.2158  12.8410
  5.1532  12.7557
  5.0635  12.7471
  4.6760  12.3871
  4.5295  11.9817
  4.5556  11.9225
  4.7195  11.9073
  4.8746  11.6804
  4.7564  11.4163
  4.7892  11.2996
  4.7636  11.2674
  4.8503  10.6893
  4.8185  10.4859
  5.1808  10.2160
  5.4527  10.1392
  5.5499  10.0287
  5.9521   9.9057
  6.1487   9.5920
  6.7027   9.2943
  6.9327   8.9850
  6.9130   8.8222
  6.9525   8.5827
  7.1269   8.2568
  7.2620   8.1000
  7.1413   7.8433
  7.2383   7.4897
  7.2980   7.4148
  7.3576   7.2092
  7.8484   7.0098
  7.9419   6.8363
93
 21.7653   5.8461
 21.5738   5.6949
 21.7142   5.5049
 21.7591   5.1655
 21.7076   4.5288
 21.6569   4.4639
 21.6546   4.2195
 21.7012   4.1245
 21.6316   3.9188
 21.0892   3.3363
 20.9843   3.4079
 20.8488   3.1271
 20.7106   3.0870
 20.6645   2.9193
 20.6686   2.7419
 20.5997   2.7166
 20.6856   2.6186
 20.7231   2.4794
 20.6163   2.4775
 20.5190   2.3529
 20.5278   2.4703
 20.3386   2.5582
 20.2417   2.4321
 20.2365   2.2110
 20.1574   2.1217
 20.2371   1.7601
 20.1411   1.7098
 20.1284   1.4856
 19.7923   1.3573
 19.8480   0.8121
 20.1067   0.5475
 20.5793   0.0316
 20.6308   0.0729
 20.7340  -0.0755
 20.9549  -0.0521
 21.0032  -0.1269
 20.9611  -0.2087
 21.2046  -0.4652
 21.6374  -0.5367
 21.8798  -0.2445
 22.1166  -0.3765
 22.6013  -0.0744
 22.5218  -0.0173
 22.5733   0.0583
 22.6945  -0.0011
 23.0392   0.2427
 23.1542   0.2138
 23.3126   0.4187
 23.2420   0.4663
 23.3939   0.5848
 23.2863   0.6132
 23.3113   0.9599
 23.5960   1.7477
 23.7058   1.8879
 23.6824   1.9904
 23.7657   2.2123
 23.7569   2.4652
 23.7900   2.5045
 23.9532   2.4474
 24.0807   2.2945
 24.3611   2.3508
 24.5851   3.1624
 24.7859   3.0613
 24.8979   3.4218
 24.9451   3.4015
 25.2192   3.9418
 25.1624   3.9708
 25.1920   4.0852
 25.1557   4.0967
 25.2092   4.2828
 25.1752   4.2856
 25.2052   4.3682
 25.1698   4.3706
 25.1975   4.4620
 26.0405   4.0955
 26.1166   4.4508
 26.0491   4.4861
 26.0143   4.5864
 25.9551   4.6238
 25.9290   4.7245
 25.8194   4.7941
 25.8414   4.8658
 25.5389   4.8516
 25.3080   4.9109
 24.9632   4.5007
 24.5770   4.5544
 24.5364   4.6193
 24.3381   4.2169
 24.1673   4.2071
 23.7415   3.6349
 23.5170   4.5430
 22.1361   4.2219
 21.7653   5.8461
7
 -9.2865   7.1649
 -9.1069  10.6554
-17.7350  11.4440
-18.6794   4.4583
-16.0418   4.1408
 -9.4523   3.6733
 -9.2865   7.1649
